1019472413 2378577139
1781785394 1527259417
1628106629 1143040924
253715506 66144449
1197801082 2037657160
1671428610 986192239
1609480610 76695994
526082506 2177803202
2145100207 899069674
2460322180 1650450707
1161347859 1207039633
10327703 2151548009
1914890887 1757629550
1157771250 1634162813
332875157 733281376
46075818 1404422046
1118117541 747973725
641639421 2342796032
1131740269 1091753661
2289581250 1240865950
161384865 1639533494
1654055751 429055643
212919917 1027422648
673910664 268314623
2039038707 694650135
512737573 1878251185
639106837 1655967638
904120181 1630135570
2466581962 2451177830
578375960 1130833025
976065973 1066089314
738098082 1750638352
397625465 54834980
328866092 1861032633
197644935 92693617
1602877496 366030389
600305412 1175734303
1110539937 680395027
2204780369 1241326622
704230467 1160436739
441044964 1442200487
231045575 1868290326
142982113 581371285
245260700 770046680
812288666 1875592647
794424811 9977093
1828107896 39998944
259822775 942782612
1708529147 2462926757
255587790 1945487295
2188371528 2288052848
1769241416 1392597325
279815765 1220179462
2135846973 2000284172
1402909639 394788235
1447043599 1954757248
1921710912 1169860432
2343308497 1707418530
693775478 388871527
863574101 1241728597
1263565097 2377711420
2319655636 1722667107
860964904 1814949396
1257323871 1958067702
821998015 956592970
1869118264 621861047
2085169044 359105435
1095396107 985456258
854363302 14104118
303962293 1224477041
2412746045 914042078
1381096441 447038586
1353271117 414104785
1233771622 1870798147
1157450069 2273326389
1598168729 2453563212
1171513026 2123534947
527680185 1417470431
1444634209 2133258906
1222219430 1190476223
334857611 759137948
1939451239 1023854067
2391225372 297782322
1053833034 1727188346
2253813447 92136756
380650044 728083071
2024646242 914700688
364220253 1030116121
556370097 1407359126
580493855 1514407780
1891523826 508819026
717944475 243704784
2172548246 2229059584
1283227055 1470482983
1420152212 39150192
2207487133 1261757104
312947889 1983637778
2185768517 1167613373
1582344354 2100531079
1140676750 269055088
1970511001 569387724
1055387592 1725595723
1319709453 2375574301
252483542 8124111
1403326469 1914559520
1037270875 1757231250
2387623755 1839143385
2095216260 263272526
636182513 616940135
1792808139 577220781
1154549988 1753079615
2288226155 2293801737
2239586506 840876480
470718691 1880107819
2082599870 1135554848
264393969 2016039131
404479701 617917990
1951540667 728862928
999360257 1777884682
1574328326 8730731
1044645590 1873402806
292548520 2409276317
1118953840 1232605461
1295969684 1918129088
2240817201 1989557423
953247716 1280769449
382639883 738505898
208016430 2112557576
169374202 2389075813
1707838549 2243573449
823327093 1369578362
2139768089 1403793243
1845895186 1792092742
553055526 2109644781
801636197 753768328
904906980 687279051
2424025364 2276633869
45779797 2450689492
2144461726 668832055
626697624 402461059
2212655654 19156980
1410751716 1235286541
1251817101 1531555776
524699165 2414608674
255737135 1473473424
1455179622 1241345528
453464433 897781909
2350743184 2102560922
179375014 2251133046
63225129 324657638
1803525527 1619079065
2032443424 1198770007
2140918416 2139967822
1668746335 1627600490
2218158528 2405825273
826941716 1476324124
1123640422 945836488
354166163 1092235238
1549829873 168281536
1431211470 104844490
917999844 1300075875
2235451122 1967753879
1241810804 1624408333
414527492 1369027349
1615927658 142908376
1339685084 1425888452
1832097365 378496211
2178980964 348351487
887848957 3010910
1914416198 1251808602
525287074 1085736658
2016334969 1166012104
1918543127 1538475325
1900147611 1888770488
710218259 2031435723
1319055001 2104556548
270869982 1747609433
1904955243 317179131
588285234 1548560579
636299048 2133137010
623081266 2180496646
1703512755 1965026697
2447886165 1602589094
655811435 1801191342
1880677924 982454937
294582206 1744081154
997054896 982781439
68429480 49770903
65788860 686693060
835767788 2140167513
2083320577 249372735
16768084 1077072378
625142885 1618685573
949774671 1056497712
1268148200 984259912
2443753901 1478722705
614788096 1202042446
400037624 1290115335
2416399584 384546661
1897025170 2107354384
1130707970 2158620153
2452547486 919471337
1874675711 644160210
1284103262 1572061085
1161096174 1047520616
1982003703 1010682633
1414792111 1240855602
1476000133 2445877514
60762988 826689681
1977232530 1903169331
643394163 1220357371
1311350446 648988203
1789859022 1276550118
2338082544 1726116639
2046477992 791315587
1063530351 1714850435
656056278 2071481713
1061132443 2305458176
1168935070 2034118097
75425798 1742984678
2270479675 1145493782
2425481578 1419692325
2159811073 605458000
374853069 1384068893
597111914 651786661
1629975751 1790017731
507912 1279037830
2001215494 1271051953
1549927913 875022721
571863868 1866656953
1036038822 1818899060
2006283487 1045029098
1049224525 719888671
2015721272 2144656386
859998785 1343204820
47433973 37131867
1974682308 254059924
1414048064 1170533015
71870809 1985847399
841896296 1575001949
1149799772 1093385787
1188505576 1587089533
1380119965 1740051305
2224233657 2196781679
2446222949 946547444
1800924221 1554040582
1226738077 1503905142
1750973097 2592380
1108101895 315283873
709373284 932365250
2291339056 427910127
2178645459 1002997973
1641375105 2107797551
1314328503 2098871519
1342441006 929400658
1261465234 1419717242
2013417163 1938917010
1719433733 1764420397
2120924634 2432180937
2204697687 616606921
1707285451 2462228727
1689043317 1199903193
493867988 1883729746
1971038710 306077040
1601960267 933924200
648916993 725962809
923730405 20762862
2111370754 1458327487
2462267385 2084076018
1771058371 2056018083
1143774340 1688027130
2308660835 750899318
1037503756 1180890531
94188829 1233591042
914917380 1465930812
1307253212 695676828
7731980 1713980324
1592104871 959991228
2405468745 2178224899
1245386013 798813064
425837860 343737252
1533252418 764028134
1584656730 504386948
1272435859 513535052
1609498367 1621538643
37019357 1193606845
1247483657 1556494722
1084999296 283372189
1361369310 134746974
2272629378 1952640769
1018168293 1076215502
2221762700 1171227424
1913223839 1564622870
112275485 618380818
989860070 91519196
934807803 2403306641
1463795826 2258330304
1671551259 366306595
1107108791 2002422593
496428756 1643827539
1345551498 2196950621
751517804 1930065264
293601104 2160734689
720933836 216691183
1939726701 147458120
1268718250 1922025869
161876529 1813582983
462153727 949947771
2121837458 145583146
1292029311 448196585
1790979359 341757213
1786198528 1383493658
178483724 2374572173
1003597498 576025186
2269987950 464404534
712128696 2378783605
1198325903 1843321187
2147569602 2002276681
2092808932 1207580646
2340650424 53578067
1262085044 610886731
1009478031 2189020569
2073558178 1495450084
1367000969 1094012078
2001236403 2442938798
1204701371 1999388342
1810307034 1814249160
648624998 1856726510
1282734957 2422389188
1026126252 1958777534
1359341264 714857091
1981811913 888484365
1166915876 1982498593
1737201187 825741222
581213242 2256899060
1584071636 256615015
1543222055 930673561
2228358562 744277976
2404889003 970336864
27152011 726446710
1178366214 1248822595
2020507017 1909833249
861435874 1524973618
869727036 269570576
1015329740 2072077699
2267841066 1355541390
1441003699 178752714
1652718542 387227118
468460218 2214579005
2307176178 2394472933
747795606 2246650934
978166909 1965255456
1064817173 72303685
2434591204 1770990442
102104850 14345275
418292238 1915149433
2060515767 1402044414
2428859025 2232677307
678926124 1844294896
506894167 1532233563
202022996 608017723
1162824045 211352255
1932529240 1071568362
1791346815 896673302
43198567 1303640658
366969536 689093727
2314219601 689189587
203893075 87012607
342699579 531274816
2308968385 1898283491
2041484661 810714228
860664979 1342778752
350589215 498454693
1585507374 369377975
1579391277 1837816587
503128957 1967820001
1559980392 1728516972
2275830368 102296757
2013956514 2168114729
1158783135 266245859
1860177438 1499070721
1213277473 932239483
1086981425 1997282291
2076914028 2296471707
2216243679 1300193969
2447928014 1973792080
1203905297 30715391
462410792 328653316
66063691 1661642419
436704963 897834351
1428356714 1052827010
1281702267 2296508457
1286813528 904466648
2370267428 952729773
429179973 1528975812
1116576113 1195054803
2254015263 814942724
2370061235 1766182929
1347400931 290428646
1046277879 670695739
880879280 1549554174
123212577 1876545224
1746470869 2403016626
2199205153 1218593454
1652817745 697508004
1078858994 1800709227
2097553627 2329827948
2289965520 872527560
209824828 760691879
63265360 1949240759
915925087 2443090599
2137716762 1671575792
788266956 1180214794
881298373 965032439
2135648727 2380007102
1359511003 455574821
752224791 401294909
1807320169 1972252441
2255811316 414973859
2430835487 690268944
1339092932 570624872
2460878054 955900683
2325406132 721975198
2021156013 2306862308
1837378041 2363699922
1623447456 530614641
361565479 2153974589
1830740022 1351711372
128048667 423593000
1844536738 2370763207
2182571322 412171663
256874824 1520497181
571431663 928312255
150914872 1488068568
868088151 1161291924
1365348099 617475427
2051931493 2018269412
1969617888 1952292644
1558159362 136508605
991084618 1564670121
791842957 1162398671
120885646 248184809
621645484 1778041201
857099926 2135910751
2449710861 1687962057
2049375456 946346639
2124536995 2103441455
2454926342 1796622964
522207537 2366955622
809895134 1468753598
2103342599 2251226608
892380727 1767251847
1062915260 1482325804
1272155909 1046029153
1044129415 1133027557
565078180 657938250
168768254 2177566236
380178984 1502030688
1445734697 2286020373
45461183 383937481
269062172 36431721
1375522944 1721864491
711440319 1293973589
1115928657 1040837816
1879491123 2067456166
1033232036 359977376
1423644861 1930742084
1293105011 39612072
1416168686 2021620147
122946143 944768639
527741536 1434039525
1918295365 316423421
246417592 2375698081
1375950554 2227068199
100542324 1461445418
328937689 2227999771
929465912 575958796
132294440 1623148902
1117631789 908889436
2465018317 1270776900
943138109 702116704
2361608624 1980619312
385534157 541792585
2317466091 362773083
35625283 2341895854
1790016913 2220071371
1647303660 936452627
86946484 1425434934
2254594931 1599093275
1860157353 2359899095
788165082 1689495211
1479395799 2090316071
29870793 709450808
1946468993 1111531112
726054351 493716265
1090461850 2186863180
2199331423 1946317827
1246497881 1185706648
1668991586 347471212
446487341 195519784
1652505092 1290874311
379648394 2158971091
1402731559 1940334451
1179307192 2104336793
717415694 2050144106
93343271 1518374112
1826101780 934067825
1506376857 513636408
1123270429 1486371435
2417290553 2256590156
1367444757 760084784
657923294 1904725071
364868933 2198003900
227365006 854697133
414931965 1340681386
1131023197 610318207
1622960708 2072899610
2436302108 261432852
858819962 1089656
1301277466 1153241435
2099266647 379988896
2460659038 936352892
1104488880 1131572229
1250753445 1245261040
1373997089 737775833
208862246 1792734434
1457294940 2074055022
2202055559 2131960710
831774411 669372452
345622867 2023062168
1790277439 854297600
2198319668 2044959970
1978656850 1269023613
2193884547 1625571150
1554154446 2261515728
686414076 876506637
1366398604 222135388
64639445 1239483844
1353805661 1239841353
936256558 145292267
200514084 414384716
2220674082 320256019
1429315503 199003780
2448040279 114605052
1744019464 2178090637
694802921 1753622610
1037434523 1991986249
780148005 1215493875
310523947 847790516
1193279121 2360821428
1209893278 690413739
1700723876 900157788
1417562589 1574917979
267059834 2290626506
2293283581 290855331
46048353 2026535223
1707978520 756751610
1089475465 2276003829
2209529828 140719457
457691404 961749416
605440011 596297761
384655210 343337093
67904817 2053693535
1124242126 615465057
2050054441 123746623
2182128142 1780431424
709196276 941975541
407626239 611974791
977369709 815132865
2181115933 787700634
2201723466 1451861906
686471212 2344808076
1961261102 1095794597
2081241773 224856070
2009509854 2037853326
2217204651 2247263054
667366120 2449299983
538722208 317966610
159543449 41242445
2318035022 303970404
2185668413 135308343
162068442 3271440
423227558 2043681853
1956230092 1323103754
2450211431 2051370815
2070713369 925861964
413395881 159539808
193167315 140623033
15939361 888256057
146009033 1170951930
642521628 2219623545
312793093 2397888840
526992542 265970240
1485128282 2115171652
557697742 1708354669
1339377200 537403250
91269463 507229549
279527244 1113400926
459088697 2277254394
1380052454 1752798273
896155886 685921506
569105376 65825959
2302244905 528012415
418530929 1929108614
1437497661 1134341605
26898962 1624170502
207845462 446013799
487654986 349079181
486273585 1213212433
1824410098 2064955784
1933874339 214608471
1058150695 528052079
583820064 400651982
918757519 793314178
2102883453 789095825
2187621457 2006694883
1965052346 1707240510
2320921221 1338440106
979166718 890174139
1218843451 1104845292
447846872 1658482482
19510602 2014534486
872904821 752209326
1462592068 60075595
1586313001 455792763
468109709 1771681394
323723869 1033482244
179633289 1893037639
185417452 1873701703
1583553375 777779718
2413971336 1501046791
590730125 1655355038
1723094163 399035096
2463808299 1242304282
334410398 692625663
2090634583 1449278439
2097770969 1399556397
1009612515 444525354
1628362302 1912928034
1971748850 1670435487
166992569 2457485275
116354609 927656258
2088265350 98659383
2176281225 791348152
1643897090 1754073645
1334986968 1834758007
1916158169 2444250300
1264970258 1241915152
504326566 2386728559
1343178239 1804751108
1841093695 1910855950
1132608834 812962778
2023300110 1234374883
1719443988 509097360
1123659987 984202069
1496436439 611509569
2337876150 827139031
1052002468 2398051082
171704196 170192253
290593824 1821926681
1219225315 1908587434
1996864262 894182054
19546060 1411865810
1594075076 147324086
1061814519 1628926624
1983608354 1868700086
1968485882 749194180
1845065630 1572833916
880489805 289720024
1269648075 612538368
910187876 898073119
1473221726 330093833
1713386428 1675170586
1960074967 1114861298
2335070509 116732644
400672717 2084275731
2445277073 1431773002
1745413192 725734419
479410682 13343624
1647988458 1347032353
530861309 308556747
630427491 174060721
1858791225 398281355
895454044 1609499444
2038306285 714769831
1740430882 1440020859
1332436527 1664185849
1903754052 2205653405
967589441 981450622
1507246583 1172056787
763586201 1819661836
2098169034 1570041764
195046216 11288142
564987254 1188863872
732354828 1475312903
1487169351 989745756
41512313 665594447
2286293852 1975785477
1849695528 1939956215
2130497794 2401983810
510640842 2340116312
1705446944 1919119992
895858410 896928365
2463197235 2421988681
1317645626 736853160
2421279348 2167084221
461619048 1114570428
42052931 996836491
137408237 2239024807
326522390 370713626
502845510 741091317
131278306 885657388
1783160542 1226498624
894280284 420655147
1258011934 483431100
792563004 1740147539
50448704 2176319174
1664637813 1357540487
1170390706 1752614439
2231907568 1086490655
1475250611 1611888095
268579593 1826011745
476276904 1766975101
669857395 1529983949
1879419014 1700074034
97506985 1953314984
1831912026 1744504266
1241754059 961748171
1967348124 669551366
13821682 2045680757
1352835187 850700276
2266685550 2464370432
1220359900 1616616071
482793731 1753642358
224575824 1091356186
749725796 1054826718
437839014 448714520
2174455973 677570856
444126657 413427951
1752222700 1581303810
205231483 801060315
719213979 596919262
1101644906 816194527
912978480 463299521
2250791924 1475826579
1294536005 925957741
1742736015 768844716
1099550317 343335907
852369430 1121895471
702965987 492032246
1710245621 1252039254
